[gd_scene format=3 uid="uid://d28gpwcuwct0i"]

[ext_resource type="Script" uid="uid://b7hno081vk6f" path="res://scenes/level/rooms/safe_rooms/treasure_chamber_safe_room.gd" id="1_jlan8"]
[ext_resource type="PackedScene" uid="uid://d0km7piixdor1" path="res://scenes/level/rooms/default_components/treasure_chamber_safe_room_components.tscn" id="2_jlan8"]
[ext_resource type="PackedScene" uid="uid://bek22ftlq7a04" path="res://resources/prefabs/props/coin_prefab.tscn" id="3_kcgn8"]
[ext_resource type="PackedScene" uid="uid://ecrqnhi3ksel" path="res://resources/prefabs/characters/cat_character.tscn" id="4_bm1rs"]

[node name="TreasureChamberSafeRoom" type="Node3D" unique_id=600078745]
script = ExtResource("1_jlan8")
metadata/_custom_type_script = "uid://b1wdugwdvbcwx"

[node name="DefaultChallengeRoomComponents" parent="." unique_id=1838413567 instance=ExtResource("2_jlan8")]

[node name="Coins" type="Node3D" parent="." unique_id=751531877]

[node name="CoinPrefab" parent="Coins" unique_id=1373688029 instance=ExtResource("3_kcgn8")]
transform = Transform3D(1, 0, 0, 0, 1, 0, 0, 0, 1, -0.60426784, 0.0033333823, 1.7572753)

[node name="CoinPrefab5" parent="Coins" unique_id=1882013931 instance=ExtResource("3_kcgn8")]
transform = Transform3D(1, 0, 0, 0, 1, 0, 0, 0, 1, -1.099658, 0.0033333823, 1.7377361)

[node name="CoinPrefab11" parent="Coins" unique_id=119096688 instance=ExtResource("3_kcgn8")]
transform = Transform3D(1, 0, 0, 0, 1, 0, 0, 0, 1, -1.9313617, 0.0033335015, 0.39335477)

[node name="CoinPrefab15" parent="Coins" unique_id=617317955 instance=ExtResource("3_kcgn8")]
transform = Transform3D(1, 0, 0, 0, 1, 0, 0, 0, 1, -1.9298043, 0.0033335015, 0.019776642)

[node name="CoinPrefab16" parent="Coins" unique_id=466450297 instance=ExtResource("3_kcgn8")]
transform = Transform3D(1, 0, 0, 0, 1, 0, 0, 0, 1, -1.6330352, 0.0033335015, 0.1993705)

[node name="CoinPrefab17" parent="Coins" unique_id=1076749124 instance=ExtResource("3_kcgn8")]
transform = Transform3D(1, 0, 0, 0, 1, 0, 0, 0, 1, -1.8020768, 0.15746725, 0.20164347)

[node name="CoinPrefab6" parent="Coins" unique_id=563835884 instance=ExtResource("3_kcgn8")]
transform = Transform3D(1, 0, 0, 0, 1, 0, 0, 0, 1, -1.4962143, 0.0033333823, 1.7264601)

[node name="CoinPrefab7" parent="Coins" unique_id=1072094592 instance=ExtResource("3_kcgn8")]
transform = Transform3D(1, 0, 0, 0, 1, 0, 0, 0, 1, -1.8715525, 0.0033333823, 1.5143795)

[node name="CoinPrefab8" parent="Coins" unique_id=1331201203 instance=ExtResource("3_kcgn8")]
transform = Transform3D(1, 0, 0, 0, 1, 0, 0, 0, 1, -2.2296863, 0.003333442, 1.828833)

[node name="CoinPrefab9" parent="Coins" unique_id=306999793 instance=ExtResource("3_kcgn8")]
transform = Transform3D(1, 0, 0, 0, 1, 0, 0, 0, 1, -2.7760587, 0.0033333823, 1.6423793)

[node name="CoinPrefab10" parent="Coins" unique_id=1159230861 instance=ExtResource("3_kcgn8")]
transform = Transform3D(1, 0, 0, 0, 1, 0, 0, 0, 1, -2.9678066, 0.0033333227, -0.32873297)

[node name="CoinPrefab2" parent="Coins" unique_id=2031418823 instance=ExtResource("3_kcgn8")]
transform = Transform3D(1, 0, 0, 0, 1, 0, 0, 0, 1, -0.25155592, 0.0033333823, 1.6685956)

[node name="CoinPrefab3" parent="Coins" unique_id=1653436249 instance=ExtResource("3_kcgn8")]
transform = Transform3D(1, 0, 0, 0, 1, 0, 0, 0, 1, 0.12593687, 0.0033333823, 1.5600793)

[node name="CoinPrefab4" parent="Coins" unique_id=313633996 instance=ExtResource("3_kcgn8")]
transform = Transform3D(1, 0, 0, 0, 1, 0, 0, 0, 1, 0.46749878, 0.0033333823, 1.3355983)

[node name="CoinPrefab12" parent="Coins" unique_id=2144440543 instance=ExtResource("3_kcgn8")]
transform = Transform3D(1, 0, 0, 0, 1, 0, 0, 0, 1, 0.35832095, 0.17492202, 1.1596105)

[node name="CoinPrefab13" parent="Coins" unique_id=171018531 instance=ExtResource("3_kcgn8")]
transform = Transform3D(1, 0, 0, 0, 1, 0, 0, 0, 1, 0.10417676, 0.17492202, 1.421676)

[node name="CoinPrefab14" parent="Coins" unique_id=2076928412 instance=ExtResource("3_kcgn8")]
transform = Transform3D(1, 0, 0, 0, 1, 0, 0, 0, 1, -0.26928926, 0.1749219, 1.5571697)

[node name="CoinPrefab21" parent="Coins" unique_id=1045403773 instance=ExtResource("3_kcgn8")]
transform = Transform3D(1, 0, 0, 0, 1, 0, 0, 0, 1, -0.028552532, 0.34157434, 1.3047371)

[node name="CoinPrefab64" parent="Coins" unique_id=395222515 instance=ExtResource("3_kcgn8")]
transform = Transform3D(1, 0, 0, 0, 1, 0, 0, 0, 1, -2.8753912, 0.17492178, -3.730125)

[node name="CoinPrefab77" parent="Coins" unique_id=1549070319 instance=ExtResource("3_kcgn8")]
transform = Transform3D(1, 0, 0, 0, 1, 0, 0, 0, 1, -2.710196, 0.0033333823, -3.9023855)

[node name="CoinPrefab78" parent="Coins" unique_id=1467577345 instance=ExtResource("3_kcgn8")]
transform = Transform3D(1, 0, 0, 0, 1, 0, 0, 0, 1, -3.068108, 0.0033335015, -3.743372)

[node name="CoinPrefab109" parent="Coins" unique_id=865473012 instance=ExtResource("3_kcgn8")]
transform = Transform3D(1, 0, 0, 0, 1, 0, 0, 0, 1, -2.3077116, 0.0033333823, 4.378479)

[node name="CoinPrefab110" parent="Coins" unique_id=1846250766 instance=ExtResource("3_kcgn8")]
transform = Transform3D(1, 0, 0, 0, 1, 0, 0, 0, 1, -1.9549994, 0.0033333823, 4.2897987)

[node name="CoinPrefab111" parent="Coins" unique_id=1158900310 instance=ExtResource("3_kcgn8")]
transform = Transform3D(1, 0, 0, 0, 1, 0, 0, 0, 1, -1.5775068, 0.0033333823, 4.181283)

[node name="CoinPrefab112" parent="Coins" unique_id=1333874476 instance=ExtResource("3_kcgn8")]
transform = Transform3D(1, 0, 0, 0, 1, 0, 0, 0, 1, -1.2359447, 0.0033333823, 3.9568017)

[node name="CoinPrefab113" parent="Coins" unique_id=279695796 instance=ExtResource("3_kcgn8")]
transform = Transform3D(1, 0, 0, 0, 1, 0, 0, 0, 1, -1.3451228, 0.17492202, 3.780814)

[node name="CoinPrefab114" parent="Coins" unique_id=1055342614 instance=ExtResource("3_kcgn8")]
transform = Transform3D(1, 0, 0, 0, 1, 0, 0, 0, 1, -1.599267, 0.17492202, 4.042879)

[node name="CoinPrefab115" parent="Coins" unique_id=436080010 instance=ExtResource("3_kcgn8")]
transform = Transform3D(1, 0, 0, 0, 1, 0, 0, 0, 1, -1.972733, 0.1749219, 4.1783733)

[node name="CoinPrefab116" parent="Coins" unique_id=1469500900 instance=ExtResource("3_kcgn8")]
transform = Transform3D(1, 0, 0, 0, 1, 0, 0, 0, 1, -2.3055654, 0.1749219, 4.0270834)

[node name="CoinPrefab117" parent="Coins" unique_id=764188531 instance=ExtResource("3_kcgn8")]
transform = Transform3D(1, 0, 0, 0, 1, 0, 0, 0, 1, -2.2669535, 0.17492178, 3.6515954)

[node name="CoinPrefab118" parent="Coins" unique_id=1258400621 instance=ExtResource("3_kcgn8")]
transform = Transform3D(1, 0, 0, 0, 1, 0, 0, 0, 1, -2.0188577, 0.17492178, 3.319445)

[node name="CoinPrefab119" parent="Coins" unique_id=2004848350 instance=ExtResource("3_kcgn8")]
transform = Transform3D(1, 0, 0, 0, 1, 0, 0, 0, 1, -1.6573222, 0.17492178, 3.289773)

[node name="CoinPrefab120" parent="Coins" unique_id=1039247162 instance=ExtResource("3_kcgn8")]
transform = Transform3D(1, 0, 0, 0, 1, 0, 0, 0, 1, -1.458055, 0.17492178, 3.4580758)

[node name="CoinPrefab121" parent="Coins" unique_id=235660718 instance=ExtResource("3_kcgn8")]
transform = Transform3D(1, 0, 0, 0, 1, 0, 0, 0, 1, -2.1044116, 0.34157434, 3.9184718)

[node name="CoinPrefab122" parent="Coins" unique_id=313348858 instance=ExtResource("3_kcgn8")]
transform = Transform3D(1, 0, 0, 0, 1, 0, 0, 0, 1, -1.731996, 0.34157434, 3.9259405)

[node name="CoinPrefab123" parent="Coins" unique_id=884553190 instance=ExtResource("3_kcgn8")]
transform = Transform3D(1, 0, 0, 0, 1, 0, 0, 0, 1, -1.568912, 0.34157434, 3.6388128)

[node name="CoinPrefab124" parent="Coins" unique_id=536962549 instance=ExtResource("3_kcgn8")]
transform = Transform3D(1, 0, 0, 0, 1, 0, 0, 0, 1, -1.8453152, 0.34157434, 3.4894063)

[node name="CoinPrefab125" parent="Coins" unique_id=427171910 instance=ExtResource("3_kcgn8")]
transform = Transform3D(1, 0, 0, 0, 1, 0, 0, 0, 1, -2.1060758, 0.34157434, 3.5922875)

[node name="CoinPrefab126" parent="Coins" unique_id=1187431777 instance=ExtResource("3_kcgn8")]
transform = Transform3D(1, 0, 0, 0, 1, 0, 0, 0, 1, -1.9190302, 0.53116417, 3.5979447)

[node name="CoinPrefab127" parent="Coins" unique_id=793769408 instance=ExtResource("3_kcgn8")]
transform = Transform3D(1, 0, 0, 0, 1, 0, 0, 0, 1, -1.1346467, 0.5311641, 3.4049592)

[node name="CoinPrefab128" parent="Coins" unique_id=2037167909 instance=ExtResource("3_kcgn8")]
transform = Transform3D(0.8662086, 0.49968258, 0, -0.49968258, 0.8662086, 0, 0, 0, 1, -1.789984, 0.5923156, 3.6894443)

[node name="CoinPrefab129" parent="Coins" unique_id=1993677706 instance=ExtResource("3_kcgn8")]
transform = Transform3D(1, 0, 0, 0, 1, 0, 0, 0, 1, -1.2158182, 0.0033333823, 3.5817773)

[node name="CoinPrefab130" parent="Coins" unique_id=1917915380 instance=ExtResource("3_kcgn8")]
transform = Transform3D(1, 0, 0, 0, 1, 0, 0, 0, 1, -1.4485474, 0.0033333823, 3.226076)

[node name="CoinPrefab131" parent="Coins" unique_id=1258100497 instance=ExtResource("3_kcgn8")]
transform = Transform3D(1, 0, 0, 0, 1, 0, 0, 0, 1, -1.8536625, 0.0033333823, 3.1471844)

[node name="CoinPrefab132" parent="Coins" unique_id=642712922 instance=ExtResource("3_kcgn8")]
transform = Transform3D(1, 0, 0, 0, 1, 0, 0, 0, 1, -2.2115746, 0.0033335015, 3.306198)

[node name="CoinPrefab133" parent="Coins" unique_id=1796948129 instance=ExtResource("3_kcgn8")]
transform = Transform3D(1, 0, 0, 0, 1, 0, 0, 0, 1, -2.4416223, 0.0033335015, 3.622838)

[node name="CoinPrefab134" parent="Coins" unique_id=780036836 instance=ExtResource("3_kcgn8")]
transform = Transform3D(1, 0, 0, 0, 1, 0, 0, 0, 1, -2.5708723, 0.0033335015, 3.9525146)

[node name="CoinPrefab135" parent="Coins" unique_id=269988798 instance=ExtResource("3_kcgn8")]
transform = Transform3D(1, 0, 0, 0, 1, 0, 0, 0, 1, -2.5823703, 0.0033335015, 4.2505255)

[node name="CoinPrefab290" parent="Coins" unique_id=840977724 instance=ExtResource("3_kcgn8")]
transform = Transform3D(1, 0, 0, 0, 1, 0, 0, 0, 1, -5.4684396, 0.0033333823, 4.358383)

[node name="CoinPrefab291" parent="Coins" unique_id=1162456040 instance=ExtResource("3_kcgn8")]
transform = Transform3D(1, 0, 0, 0, 1, 0, 0, 0, 1, -5.126878, 0.0033333823, 4.133902)

[node name="CoinPrefab292" parent="Coins" unique_id=821104111 instance=ExtResource("3_kcgn8")]
transform = Transform3D(1, 0, 0, 0, 1, 0, 0, 0, 1, -5.2360554, 0.17492202, 3.9579144)

[node name="CoinPrefab293" parent="Coins" unique_id=774759165 instance=ExtResource("3_kcgn8")]
transform = Transform3D(1, 0, 0, 0, 1, 0, 0, 0, 1, -5.4902, 0.17492202, 4.21998)

[node name="CoinPrefab294" parent="Coins" unique_id=1867825998 instance=ExtResource("3_kcgn8")]
transform = Transform3D(1, 0, 0, 0, 1, 0, 0, 0, 1, -5.8636656, 0.1749219, 4.3554735)

[node name="CoinPrefab295" parent="Coins" unique_id=762716651 instance=ExtResource("3_kcgn8")]
transform = Transform3D(1, 0, 0, 0, 1, 0, 0, 0, 1, -6.196498, 0.1749219, 4.204184)

[node name="CoinPrefab296" parent="Coins" unique_id=1258470627 instance=ExtResource("3_kcgn8")]
transform = Transform3D(1, 0, 0, 0, 1, 0, 0, 0, 1, -6.1578865, 0.17492178, 3.8286958)

[node name="CoinPrefab297" parent="Coins" unique_id=804939938 instance=ExtResource("3_kcgn8")]
transform = Transform3D(1, 0, 0, 0, 1, 0, 0, 0, 1, -5.9097905, 0.17492178, 3.4965453)

[node name="CoinPrefab298" parent="Coins" unique_id=109100241 instance=ExtResource("3_kcgn8")]
transform = Transform3D(1, 0, 0, 0, 1, 0, 0, 0, 1, -5.548255, 0.17492178, 3.4668734)

[node name="CoinPrefab299" parent="Coins" unique_id=794532992 instance=ExtResource("3_kcgn8")]
transform = Transform3D(1, 0, 0, 0, 1, 0, 0, 0, 1, -5.3489876, 0.17492178, 3.6351762)

[node name="CoinPrefab300" parent="Coins" unique_id=1804497399 instance=ExtResource("3_kcgn8")]
transform = Transform3D(1, 0, 0, 0, 1, 0, 0, 0, 1, -5.995344, 0.34157434, 4.0955725)

[node name="CoinPrefab301" parent="Coins" unique_id=511729890 instance=ExtResource("3_kcgn8")]
transform = Transform3D(1, 0, 0, 0, 1, 0, 0, 0, 1, -5.6229286, 0.34157434, 4.1030407)

[node name="CoinPrefab302" parent="Coins" unique_id=660618515 instance=ExtResource("3_kcgn8")]
transform = Transform3D(1, 0, 0, 0, 1, 0, 0, 0, 1, -5.4598446, 0.34157434, 3.8159132)

[node name="CoinPrefab303" parent="Coins" unique_id=1265166565 instance=ExtResource("3_kcgn8")]
transform = Transform3D(1, 0, 0, 0, 1, 0, 0, 0, 1, -5.736248, 0.34157434, 3.6665068)

[node name="CoinPrefab304" parent="Coins" unique_id=19464592 instance=ExtResource("3_kcgn8")]
transform = Transform3D(1, 0, 0, 0, 1, 0, 0, 0, 1, -5.9970083, 0.34157434, 3.769388)

[node name="CoinPrefab305" parent="Coins" unique_id=525689595 instance=ExtResource("3_kcgn8")]
transform = Transform3D(1, 0, 0, 0, 1, 0, 0, 0, 1, -5.809963, 0.53116417, 3.7750452)

[node name="CoinPrefab306" parent="Coins" unique_id=18262233 instance=ExtResource("3_kcgn8")]
transform = Transform3D(1, 0, 0, 0, 1, 0, 0, 0, 1, -5.8898363, 0.5311641, 4.0003476)

[node name="CoinPrefab307" parent="Coins" unique_id=55222739 instance=ExtResource("3_kcgn8")]
transform = Transform3D(0.8662086, 0.49968258, 0, -0.49968258, 0.8662086, 0, 0, 0, 1, -5.680917, 0.5923156, 3.8665447)

[node name="CoinPrefab308" parent="Coins" unique_id=1865404511 instance=ExtResource("3_kcgn8")]
transform = Transform3D(1, 0, 0, 0, 1, 0, 0, 0, 1, -5.106751, 0.0033333823, 3.7588778)

[node name="CoinPrefab309" parent="Coins" unique_id=440248821 instance=ExtResource("3_kcgn8")]
transform = Transform3D(1, 0, 0, 0, 1, 0, 0, 0, 1, -5.3394804, 0.0033333823, 3.4031763)

[node name="CoinPrefab310" parent="Coins" unique_id=341205800 instance=ExtResource("3_kcgn8")]
transform = Transform3D(1, 0, 0, 0, 1, 0, 0, 0, 1, -5.7445955, 0.0033333823, 3.3242848)

[node name="CoinPrefab311" parent="Coins" unique_id=1773200361 instance=ExtResource("3_kcgn8")]
transform = Transform3D(1, 0, 0, 0, 1, 0, 0, 0, 1, -6.1025076, 0.0033335015, 3.4832983)

[node name="CoinPrefab312" parent="Coins" unique_id=946632359 instance=ExtResource("3_kcgn8")]
transform = Transform3D(1, 0, 0, 0, 1, 0, 0, 0, 1, -6.332555, 0.0033335015, 3.7999384)

[node name="CoinPrefab313" parent="Coins" unique_id=236391124 instance=ExtResource("3_kcgn8")]
transform = Transform3D(1, 0, 0, 0, 1, 0, 0, 0, 1, -6.4618053, 0.0033335015, 4.129615)

[node name="CoinPrefab314" parent="Coins" unique_id=1652103183 instance=ExtResource("3_kcgn8")]
transform = Transform3D(1, 0, 0, 0, 1, 0, 0, 0, 1, -6.473303, 0.0033335015, 4.427626)

[node name="CoinPrefab315" parent="Coins" unique_id=1449586382 instance=ExtResource("3_kcgn8")]
transform = Transform3D(1, 0, 0, 0, 1, 0, 0, 0, 1, -3.8631663, 0.0033333823, 4.414457)

[node name="CoinPrefab316" parent="Coins" unique_id=1366119518 instance=ExtResource("3_kcgn8")]
transform = Transform3D(1, 0, 0, 0, 1, 0, 0, 0, 1, -3.5216045, 0.0033333823, 4.1899757)

[node name="CoinPrefab317" parent="Coins" unique_id=1484368632 instance=ExtResource("3_kcgn8")]
transform = Transform3D(1, 0, 0, 0, 1, 0, 0, 0, 1, -3.6307821, 0.17492202, 4.013988)

[node name="CoinPrefab318" parent="Coins" unique_id=1814981390 instance=ExtResource("3_kcgn8")]
transform = Transform3D(1, 0, 0, 0, 1, 0, 0, 0, 1, -3.8849268, 0.17492202, 4.2760534)

[node name="CoinPrefab319" parent="Coins" unique_id=909883826 instance=ExtResource("3_kcgn8")]
transform = Transform3D(1, 0, 0, 0, 1, 0, 0, 0, 1, -4.2583923, 0.1749219, 4.411547)

[node name="CoinPrefab320" parent="Coins" unique_id=1810453987 instance=ExtResource("3_kcgn8")]
transform = Transform3D(1, 0, 0, 0, 1, 0, 0, 0, 1, -4.5912247, 0.1749219, 4.2602577)

[node name="CoinPrefab321" parent="Coins" unique_id=1651161813 instance=ExtResource("3_kcgn8")]
transform = Transform3D(1, 0, 0, 0, 1, 0, 0, 0, 1, -4.5526133, 0.17492178, 3.8847694)

[node name="CoinPrefab322" parent="Coins" unique_id=57895719 instance=ExtResource("3_kcgn8")]
transform = Transform3D(1, 0, 0, 0, 1, 0, 0, 0, 1, -4.3045173, 0.17492178, 3.552619)

[node name="CoinPrefab323" parent="Coins" unique_id=854233011 instance=ExtResource("3_kcgn8")]
transform = Transform3D(1, 0, 0, 0, 1, 0, 0, 0, 1, -3.9429817, 0.17492178, 3.522947)

[node name="CoinPrefab324" parent="Coins" unique_id=446549992 instance=ExtResource("3_kcgn8")]
transform = Transform3D(1, 0, 0, 0, 1, 0, 0, 0, 1, -3.7437143, 0.17492178, 3.6912498)

[node name="CoinPrefab325" parent="Coins" unique_id=466814140 instance=ExtResource("3_kcgn8")]
transform = Transform3D(1, 0, 0, 0, 1, 0, 0, 0, 1, -4.390071, 0.34157434, 4.151646)

[node name="CoinPrefab326" parent="Coins" unique_id=1728456171 instance=ExtResource("3_kcgn8")]
transform = Transform3D(1, 0, 0, 0, 1, 0, 0, 0, 1, -4.0176554, 0.34157434, 4.1591144)

[node name="CoinPrefab327" parent="Coins" unique_id=709395693 instance=ExtResource("3_kcgn8")]
transform = Transform3D(1, 0, 0, 0, 1, 0, 0, 0, 1, -3.8545713, 0.34157434, 3.8719869)

[node name="CoinPrefab328" parent="Coins" unique_id=157114871 instance=ExtResource("3_kcgn8")]
transform = Transform3D(1, 0, 0, 0, 1, 0, 0, 0, 1, -4.130975, 0.34157434, 3.7225804)

[node name="CoinPrefab329" parent="Coins" unique_id=1773986061 instance=ExtResource("3_kcgn8")]
transform = Transform3D(1, 0, 0, 0, 1, 0, 0, 0, 1, -4.391735, 0.34157434, 3.8254616)

[node name="CoinPrefab330" parent="Coins" unique_id=1189752035 instance=ExtResource("3_kcgn8")]
transform = Transform3D(1, 0, 0, 0, 1, 0, 0, 0, 1, -4.20469, 0.53116417, 3.8311188)

[node name="CoinPrefab331" parent="Coins" unique_id=271371305 instance=ExtResource("3_kcgn8")]
transform = Transform3D(1, 0, 0, 0, 1, 0, 0, 0, 1, -4.284563, 0.5311641, 4.0564213)

[node name="CoinPrefab332" parent="Coins" unique_id=1984805701 instance=ExtResource("3_kcgn8")]
transform = Transform3D(0.8662086, 0.49968258, 0, -0.49968258, 0.8662086, 0, 0, 0, 1, -4.0756435, 0.5923156, 3.9226184)

[node name="CoinPrefab333" parent="Coins" unique_id=1597082785 instance=ExtResource("3_kcgn8")]
transform = Transform3D(1, 0, 0, 0, 1, 0, 0, 0, 1, -3.5014777, 0.0033333823, 3.8149514)

[node name="CoinPrefab334" parent="Coins" unique_id=461725158 instance=ExtResource("3_kcgn8")]
transform = Transform3D(1, 0, 0, 0, 1, 0, 0, 0, 1, -3.7342072, 0.0033333823, 3.45925)

[node name="CoinPrefab335" parent="Coins" unique_id=315737025 instance=ExtResource("3_kcgn8")]
transform = Transform3D(1, 0, 0, 0, 1, 0, 0, 0, 1, -4.1393223, 0.0033333823, 3.3803585)

[node name="CoinPrefab336" parent="Coins" unique_id=575057605 instance=ExtResource("3_kcgn8")]
transform = Transform3D(1, 0, 0, 0, 1, 0, 0, 0, 1, -4.4972343, 0.0033335015, 3.539372)

[node name="CoinPrefab337" parent="Coins" unique_id=1208349846 instance=ExtResource("3_kcgn8")]
transform = Transform3D(1, 0, 0, 0, 1, 0, 0, 0, 1, -4.7272816, 0.0033335015, 3.856012)

[node name="CoinPrefab338" parent="Coins" unique_id=805642132 instance=ExtResource("3_kcgn8")]
transform = Transform3D(1, 0, 0, 0, 1, 0, 0, 0, 1, -4.856532, 0.0033335015, 4.1856885)

[node name="CoinPrefab339" parent="Coins" unique_id=1809958168 instance=ExtResource("3_kcgn8")]
transform = Transform3D(1, 0, 0, 0, 1, 0, 0, 0, 1, -4.8680296, 0.0033335015, 4.4837)

[node name="CoinPrefab136" parent="Coins" unique_id=793142125 instance=ExtResource("3_kcgn8")]
transform = Transform3D(0.900296, 0, 0.43527824, 0, 1, 0, -0.43527824, 0, 0.900296, 1.0738957, 0.0033333898, 4.1845207)

[node name="CoinPrefab137" parent="Coins" unique_id=434290833 instance=ExtResource("3_kcgn8")]
transform = Transform3D(0.900296, 0, 0.43527824, 0, 1, 0, -0.43527824, 0, 0.900296, 0.114854574, 0.0033333898, 4.057723)

[node name="CoinPrefab138" parent="Coins" unique_id=1782735426 instance=ExtResource("3_kcgn8")]
transform = Transform3D(0.900296, 0, 0.43527824, 0, 1, 0, -0.43527824, 0, 0.900296, 0.407475, 0.0033333898, 3.7957122)

[node name="CoinPrefab139" parent="Coins" unique_id=520157162 instance=ExtResource("3_kcgn8")]
transform = Transform3D(0.900296, 0, 0.43527824, 0, 1, 0, -0.43527824, 0, 0.900296, 0.61727023, 0.0033333898, 3.4449382)

[node name="CoinPrefab140" parent="Coins" unique_id=791849980 instance=ExtResource("3_kcgn8")]
transform = Transform3D(0.900296, 0, 0.43527824, 0, 1, 0, -0.43527824, 0, 0.900296, 0.442374, 0.17492202, 3.3340201)

[node name="CoinPrefab141" parent="Coins" unique_id=919120661 instance=ExtResource("3_kcgn8")]
transform = Transform3D(0.900296, 0, 0.43527824, 0, 1, 0, -0.43527824, 0, 0.900296, 0.3276403, 0.17492202, 3.68058)

[node name="CoinPrefab142" parent="Coins" unique_id=485666332 instance=ExtResource("3_kcgn8")]
transform = Transform3D(0.900296, 0, 0.43527824, 0, 1, 0, -0.43527824, 0, 0.900296, 0.05038786, 0.1749219, 3.965126)

[node name="CoinPrefab143" parent="Coins" unique_id=126809966 instance=ExtResource("3_kcgn8")]
transform = Transform3D(0.900296, 0, 0.43527824, 0, 1, 0, -0.43527824, 0, 0.900296, -0.31511277, 0.1749219, 3.9737954)

[node name="CoinPrefab144" parent="Coins" unique_id=1020753156 instance=ExtResource("3_kcgn8")]
transform = Transform3D(0.900296, 0, 0.43527824, 0, 1, 0, -0.43527824, 0, 0.900296, -0.44379246, 0.17492178, 3.618938)

[node name="CoinPrefab145" parent="Coins" unique_id=120549953 instance=ExtResource("3_kcgn8")]
transform = Transform3D(0.900296, 0, 0.43527824, 0, 1, 0, -0.43527824, 0, 0.900296, -0.36501074, 0.17492178, 3.2119136)

[node name="CoinPrefab146" parent="Coins" unique_id=1215747289 instance=ExtResource("3_kcgn8")]
transform = Transform3D(0.900296, 0, 0.43527824, 0, 1, 0, -0.43527824, 0, 0.900296, -0.052437305, 0.17492178, 3.0278316)

[node name="CoinPrefab147" parent="Coins" unique_id=1042175170 instance=ExtResource("3_kcgn8")]
transform = Transform3D(0.900296, 0, 0.43527824, 0, 1, 0, -0.43527824, 0, 0.900296, 0.20022058, 0.17492178, 3.092617)

[node name="CoinPrefab148" parent="Coins" unique_id=281996541 instance=ExtResource("3_kcgn8")]
transform = Transform3D(0.900296, 0, 0.43527824, 0, 1, 0, -0.43527824, 0, 0.900296, -0.18129122, 0.34157434, 3.7884548)

[node name="CoinPrefab149" parent="Coins" unique_id=866696668 instance=ExtResource("3_kcgn8")]
transform = Transform3D(0.900296, 0, 0.43527824, 0, 1, 0, -0.43527824, 0, 0.900296, 0.15724397, 0.34157434, 3.6330745)

[node name="CoinPrefab150" parent="Coins" unique_id=612437255 instance=ExtResource("3_kcgn8")]
transform = Transform3D(0.900296, 0, 0.43527824, 0, 1, 0, -0.43527824, 0, 0.900296, 0.1790874, 0.34157434, 3.3035877)

[node name="CoinPrefab151" parent="Coins" unique_id=1540290767 instance=ExtResource("3_kcgn8")]
transform = Transform3D(0.900296, 0, 0.43527824, 0, 1, 0, -0.43527824, 0, 0.900296, -0.13479066, 0.34157434, 3.2893898)

[node name="CoinPrefab152" parent="Coins" unique_id=1300634184 instance=ExtResource("3_kcgn8")]
transform = Transform3D(0.900296, 0, 0.43527824, 0, 1, 0, -0.43527824, 0, 0.900296, -0.32477033, 0.34157434, 3.4955168)

[node name="CoinPrefab153" parent="Coins" unique_id=1703207788 instance=ExtResource("3_kcgn8")]
transform = Transform3D(0.900296, 0, 0.43527824, 0, 1, 0, -0.43527824, 0, 0.900296, -0.15391147, 0.53116417, 3.419193)

[node name="CoinPrefab154" parent="Coins" unique_id=1846062177 instance=ExtResource("3_kcgn8")]
transform = Transform3D(0.900296, 0, 0.43527824, 0, 1, 0, -0.43527824, 0, 0.900296, -0.12775171, 0.5311641, 3.656799)

[node name="CoinPrefab155" parent="Coins" unique_id=372079974 instance=ExtResource("3_kcgn8")]
transform = Transform3D(0.7798441, 0.4498622, 0.43527824, -0.49968258, 0.8662086, 0, -0.37704176, -0.21750095, 0.900296, 0.002096057, 0.5923156, 3.4453988)

[node name="CoinPrefab156" parent="Coins" unique_id=1388288938 instance=ExtResource("3_kcgn8")]
transform = Transform3D(0.900296, 0, 0.43527824, 0, 1, 0, -0.43527824, 0, 0.900296, 0.4721501, 0.0033333898, 3.0985446)

[node name="CoinPrefab157" parent="Coins" unique_id=773491101 instance=ExtResource("3_kcgn8")]
transform = Transform3D(0.900296, 0, 0.43527824, 0, 1, 0, -0.43527824, 0, 0.900296, 0.107795835, 0.0033333898, 2.87961)

[node name="CoinPrefab158" parent="Coins" unique_id=1015233839 instance=ExtResource("3_kcgn8")]
transform = Transform3D(0.900296, 0, 0.43527824, 0, 1, 0, -0.43527824, 0, 0.900296, -0.2912674, 0.0033333898, 2.9849222)

[node name="CoinPrefab159" parent="Coins" unique_id=1966377792 instance=ExtResource("3_kcgn8")]
transform = Transform3D(0.900296, 0, 0.43527824, 0, 1, 0, -0.43527824, 0, 0.900296, -0.5442791, 0.003333509, 3.2838726)

[node name="CoinPrefab160" parent="Coins" unique_id=1992864758 instance=ExtResource("3_kcgn8")]
transform = Transform3D(0.900296, 0, 0.43527824, 0, 1, 0, -0.43527824, 0, 0.900296, -0.61356354, 0.003333509, 3.6690774)

[node name="CoinPrefab161" parent="Coins" unique_id=837309991 instance=ExtResource("3_kcgn8")]
transform = Transform3D(0.900296, 0, 0.43527824, 0, 1, 0, -0.43527824, 0, 0.900296, -0.5864257, 0.003333509, 4.0221434)

[node name="CoinPrefab162" parent="Coins" unique_id=298183730 instance=ExtResource("3_kcgn8")]
transform = Transform3D(0.900296, 0, 0.43527824, 0, 1, 0, -0.43527824, 0, 0.900296, 0.7709265, 0.003333509, 4.188878)

[node name="CoinPrefab29" parent="Coins" unique_id=1198612567 instance=ExtResource("3_kcgn8")]
transform = Transform3D(1, 0, 0, 0, 1, 0, 0, 0, 1, -0.7113602, 0.0033333823, -2.7503006)

[node name="CoinPrefab30" parent="Coins" unique_id=343405046 instance=ExtResource("3_kcgn8")]
transform = Transform3D(1, 0, 0, 0, 1, 0, 0, 0, 1, -0.33386743, 0.0033333823, -2.8588169)

[node name="CoinPrefab31" parent="Coins" unique_id=1053949725 instance=ExtResource("3_kcgn8")]
transform = Transform3D(1, 0, 0, 0, 1, 0, 0, 0, 1, 0.007694483, 0.0033333823, -3.0832977)

[node name="CoinPrefab32" parent="Coins" unique_id=1768185451 instance=ExtResource("3_kcgn8")]
transform = Transform3D(1, 0, 0, 0, 1, 0, 0, 0, 1, -0.101483345, 0.17492202, -3.2592857)

[node name="CoinPrefab33" parent="Coins" unique_id=1715273501 instance=ExtResource("3_kcgn8")]
transform = Transform3D(1, 0, 0, 0, 1, 0, 0, 0, 1, -0.35562754, 0.17492202, -2.99722)

[node name="CoinPrefab34" parent="Coins" unique_id=654704062 instance=ExtResource("3_kcgn8")]
transform = Transform3D(1, 0, 0, 0, 1, 0, 0, 0, 1, -0.72909355, 0.1749219, -2.8617265)

[node name="CoinPrefab35" parent="Coins" unique_id=138684912 instance=ExtResource("3_kcgn8")]
transform = Transform3D(1, 0, 0, 0, 1, 0, 0, 0, 1, -1.0619261, 0.1749219, -3.013016)

[node name="CoinPrefab36" parent="Coins" unique_id=98862389 instance=ExtResource("3_kcgn8")]
transform = Transform3D(1, 0, 0, 0, 1, 0, 0, 0, 1, -1.0233142, 0.17492178, -3.3885043)

[node name="CoinPrefab37" parent="Coins" unique_id=1436117969 instance=ExtResource("3_kcgn8")]
transform = Transform3D(1, 0, 0, 0, 1, 0, 0, 0, 1, -0.77521837, 0.17492178, -3.7206545)

[node name="CoinPrefab38" parent="Coins" unique_id=1768333187 instance=ExtResource("3_kcgn8")]
transform = Transform3D(1, 0, 0, 0, 1, 0, 0, 0, 1, -0.41368282, 0.17492178, -3.7503266)

[node name="CoinPrefab39" parent="Coins" unique_id=1358446065 instance=ExtResource("3_kcgn8")]
transform = Transform3D(1, 0, 0, 0, 1, 0, 0, 0, 1, -0.21441555, 0.17492178, -3.5820236)

[node name="CoinPrefab40" parent="Coins" unique_id=1745238609 instance=ExtResource("3_kcgn8")]
transform = Transform3D(1, 0, 0, 0, 1, 0, 0, 0, 1, -0.8607724, 0.34157434, -3.1216278)

[node name="CoinPrefab41" parent="Coins" unique_id=618795137 instance=ExtResource("3_kcgn8")]
transform = Transform3D(1, 0, 0, 0, 1, 0, 0, 0, 1, -0.48835683, 0.34157434, -3.114159)

[node name="CoinPrefab42" parent="Coins" unique_id=1403180012 instance=ExtResource("3_kcgn8")]
transform = Transform3D(1, 0, 0, 0, 1, 0, 0, 0, 1, -0.32527256, 0.34157434, -3.4012866)

[node name="CoinPrefab43" parent="Coins" unique_id=625327899 instance=ExtResource("3_kcgn8")]
transform = Transform3D(1, 0, 0, 0, 1, 0, 0, 0, 1, -0.60167587, 0.34157434, -3.550693)

[node name="CoinPrefab44" parent="Coins" unique_id=468275151 instance=ExtResource("3_kcgn8")]
transform = Transform3D(1, 0, 0, 0, 1, 0, 0, 0, 1, -0.86243653, 0.34157434, -3.447812)

[node name="CoinPrefab45" parent="Coins" unique_id=693137056 instance=ExtResource("3_kcgn8")]
transform = Transform3D(1, 0, 0, 0, 1, 0, 0, 0, 1, -0.67539096, 0.53116417, -3.442155)

[node name="CoinPrefab46" parent="Coins" unique_id=1731369248 instance=ExtResource("3_kcgn8")]
transform = Transform3D(1, 0, 0, 0, 1, 0, 0, 0, 1, -0.7552639, 0.5311641, -3.2168524)

[node name="CoinPrefab47" parent="Coins" unique_id=613957962 instance=ExtResource("3_kcgn8")]
transform = Transform3D(0.8662086, 0.49968258, 0, -0.49968258, 0.8662086, 0, 0, 0, 1, -0.54634464, 0.5923156, -3.3506556)

[node name="CoinPrefab48" parent="Coins" unique_id=130445281 instance=ExtResource("3_kcgn8")]
transform = Transform3D(1, 0, 0, 0, 1, 0, 0, 0, 1, 0.027821183, 0.0033333823, -3.4583223)

[node name="CoinPrefab49" parent="Coins" unique_id=1925757524 instance=ExtResource("3_kcgn8")]
transform = Transform3D(1, 0, 0, 0, 1, 0, 0, 0, 1, -0.20490813, 0.0033333823, -3.8140237)

[node name="CoinPrefab50" parent="Coins" unique_id=746413581 instance=ExtResource("3_kcgn8")]
transform = Transform3D(1, 0, 0, 0, 1, 0, 0, 0, 1, -0.61002314, 0.0033333823, -3.8929152)

[node name="CoinPrefab51" parent="Coins" unique_id=519372350 instance=ExtResource("3_kcgn8")]
transform = Transform3D(1, 0, 0, 0, 1, 0, 0, 0, 1, -0.9679351, 0.0033335015, -3.733902)

[node name="CoinPrefab52" parent="Coins" unique_id=1322866993 instance=ExtResource("3_kcgn8")]
transform = Transform3D(1, 0, 0, 0, 1, 0, 0, 0, 1, -1.197983, 0.0033335015, -3.4172616)

[node name="CoinPrefab177" parent="Coins" unique_id=840817003 instance=ExtResource("3_kcgn8")]
transform = Transform3D(-0.84651846, 0, 0.5323593, 0, 1, 0, -0.5323593, 0, -0.84651846, 0.7442157, 0.0033333749, -3.6349301)

[node name="CoinPrefab178" parent="Coins" unique_id=1589307196 instance=ExtResource("3_kcgn8")]
transform = Transform3D(-0.84651846, 0, 0.5323593, 0, 1, 0, -0.5323593, 0, -0.84651846, 0.33557266, 0.0033333749, -3.6267366)

[node name="CoinPrefab179" parent="Coins" unique_id=871810985 instance=ExtResource("3_kcgn8")]
transform = Transform3D(-0.84651846, 0, 0.5323593, 0, 1, 0, -0.5323593, 0, -0.84651846, 0.334305, 0.17492202, -3.4196377)

[node name="CoinPrefab180" parent="Coins" unique_id=397244965 instance=ExtResource("3_kcgn8")]
transform = Transform3D(-0.84651846, 0, 0.5323593, 0, 1, 0, -0.5323593, 0, -0.84651846, 0.688956, 0.17492202, -3.5061846)

[node name="CoinPrefab181" parent="Coins" unique_id=1359700996 instance=ExtResource("3_kcgn8")]
transform = Transform3D(-0.84651846, 0, 0.5323593, 0, 1, 0, -0.5323593, 0, -0.84651846, 1.0772331, 0.1749219, -3.4220648)

[node name="CoinPrefab182" parent="Coins" unique_id=206894584 instance=ExtResource("3_kcgn8")]
transform = Transform3D(-0.84651846, 0, 0.5323593, 0, 1, 0, -0.5323593, 0, -0.84651846, 1.2784414, 0.1749219, -3.116809)

[node name="CoinPrefab183" parent="Coins" unique_id=1148466403 instance=ExtResource("3_kcgn8")]
transform = Transform3D(-0.84651846, 0, 0.5323593, 0, 1, 0, -0.5323593, 0, -0.84651846, 1.0458614, 0.17492178, -2.8195066)

[node name="CoinPrefab184" parent="Coins" unique_id=1954144621 instance=ExtResource("3_kcgn8")]
transform = Transform3D(-0.84651846, 0, 0.5323593, 0, 1, 0, -0.5323593, 0, -0.84651846, 0.6590202, 0.17492178, -2.670411)

[node name="CoinPrefab185" parent="Coins" unique_id=1360144867 instance=ExtResource("3_kcgn8")]
transform = Transform3D(-0.84651846, 0, 0.5323593, 0, 1, 0, -0.5323593, 0, -0.84651846, 0.33717746, 0.17492178, -2.83776)

[node name="CoinPrefab186" parent="Coins" unique_id=1384656533 instance=ExtResource("3_kcgn8")]
transform = Transform3D(-0.84651846, 0, 0.5323593, 0, 1, 0, -0.5323593, 0, -0.84651846, 0.25809163, 0.17492178, -3.0863132)

[node name="CoinPrefab187" parent="Coins" unique_id=1275605921 instance=ExtResource("3_kcgn8")]
transform = Transform3D(-0.84651846, 0, 0.5323593, 0, 1, 0, -0.5323593, 0, -0.84651846, 1.0503409, 0.34157434, -3.1319532)

[node name="CoinPrefab188" parent="Coins" unique_id=131656869 instance=ExtResource("3_kcgn8")]
transform = Transform3D(-0.84651846, 0, 0.5323593, 0, 1, 0, -0.5323593, 0, -0.84651846, 0.73906016, 0.34157434, -3.336534)

[node name="CoinPrefab189" parent="Coins" unique_id=731741061 instance=ExtResource("3_kcgn8")]
transform = Transform3D(-0.84651846, 0, 0.5323593, 0, 1, 0, -0.5323593, 0, -0.84651846, 0.44815123, 0.34157434, -3.180295)

[node name="CoinPrefab190" parent="Coins" unique_id=155166324 instance=ExtResource("3_kcgn8")]
transform = Transform3D(-0.84651846, 0, 0.5323593, 0, 1, 0, -0.5323593, 0, -0.84651846, 0.6025937, 0.34157434, -2.906674)

[node name="CoinPrefab191" parent="Coins" unique_id=201693915 instance=ExtResource("3_kcgn8")]
transform = Transform3D(-0.84651846, 0, 0.5323593, 0, 1, 0, -0.5323593, 0, -0.84651846, 0.87810206, 0.34157434, -2.8549461)

[node name="CoinPrefab192" parent="Coins" unique_id=1536465750 instance=ExtResource("3_kcgn8")]
transform = Transform3D(-0.84651846, 0, 0.5323593, 0, 1, 0, -0.5323593, 0, -0.84651846, 0.7227764, 0.53116417, -2.9593105)

[node name="CoinPrefab193" parent="Coins" unique_id=18840535 instance=ExtResource("3_kcgn8")]
transform = Transform3D(-0.84651846, 0, 0.5323593, 0, 1, 0, -0.5323593, 0, -0.84651846, 0.9103322, 0.5311641, -3.107512)

[node name="CoinPrefab194" parent="Coins" unique_id=448225361 instance=ExtResource("3_kcgn8")]
transform = Transform3D(-0.73326164, -0.4229905, 0.53235936, -0.4996826, 0.86620873, 4.780773e-09, -0.4611342, -0.26601067, -0.84651864, 0.6622467, 0.5923156, -3.1054654)

[node name="CoinPrefab195" parent="Coins" unique_id=1421079217 instance=ExtResource("3_kcgn8")]
transform = Transform3D(-0.84651846, 0, 0.5323593, 0, 1, 0, -0.5323593, 0, -0.84651846, 0.118887424, 0.0033333749, -3.3199859)

[node name="CoinPrefab196" parent="Coins" unique_id=651013442 instance=ExtResource("3_kcgn8")]
transform = Transform3D(-0.84651846, 0, 0.5323593, 0, 1, 0, -0.5323593, 0, -0.84651846, 0.12653607, 0.0033333749, -2.8949828)

[node name="CoinPrefab197" parent="Coins" unique_id=2021127701 instance=ExtResource("3_kcgn8")]
transform = Transform3D(-0.84651846, 0, 0.5323593, 0, 1, 0, -0.5323593, 0, -0.84651846, 0.42747474, 0.0033333749, -2.6125326)

[node name="CoinPrefab198" parent="Coins" unique_id=1814382414 instance=ExtResource("3_kcgn8")]
transform = Transform3D(-0.84651846, 0, 0.5323593, 0, 1, 0, -0.5323593, 0, -0.84651846, 1.1644228, 0.0033333749, -2.183349)

[node name="CoinPrefab199" parent="Coins" unique_id=936236027 instance=ExtResource("3_kcgn8")]
transform = Transform3D(-0.84651846, 0, 0.5323593, 0, 1, 0, -0.5323593, 0, -0.84651846, 0.81863594, 0.0033333749, -2.296049)

[node name="CoinPrefab200" parent="Coins" unique_id=817360147 instance=ExtResource("3_kcgn8")]
transform = Transform3D(-0.84651846, 0, 0.5323593, 0, 1, 0, -0.5323593, 0, -0.84651846, 0.4413116, 0.0033333749, -2.40515)

[node name="CoinPrefab201" parent="Coins" unique_id=962637668 instance=ExtResource("3_kcgn8")]
transform = Transform3D(-0.84651846, 0, 0.5323593, 0, 1, 0, -0.5323593, 0, -0.84651846, 0.0326685, 0.0033333749, -2.3969564)

[node name="CoinPrefab202" parent="Coins" unique_id=1360737555 instance=ExtResource("3_kcgn8")]
transform = Transform3D(-0.84651846, 0, 0.5323593, 0, 1, 0, -0.5323593, 0, -0.84651846, 0.031401068, 0.17492202, -2.1898575)

[node name="CoinPrefab203" parent="Coins" unique_id=1767434673 instance=ExtResource("3_kcgn8")]
transform = Transform3D(-0.84651846, 0, 0.5323593, 0, 1, 0, -0.5323593, 0, -0.84651846, 0.38605183, 0.17492202, -2.276405)

[node name="CoinPrefab204" parent="Coins" unique_id=515810612 instance=ExtResource("3_kcgn8")]
transform = Transform3D(-0.84651846, 0, 0.5323593, 0, 1, 0, -0.5323593, 0, -0.84651846, 0.7743288, 0.1749219, -2.1922846)

[node name="CoinPrefab205" parent="Coins" unique_id=1680344805 instance=ExtResource("3_kcgn8")]
transform = Transform3D(-0.84651846, 0, 0.5323593, 0, 1, 0, -0.5323593, 0, -0.84651846, 0.034273297, 0.17492178, -1.60798)

[node name="CoinPrefab206" parent="Coins" unique_id=2146308566 instance=ExtResource("3_kcgn8")]
transform = Transform3D(-0.84651846, 0, 0.5323593, 0, 1, 0, -0.5323593, 0, -0.84651846, -0.04481244, 0.17492178, -1.8565334)

[node name="CoinPrefab207" parent="Coins" unique_id=632963726 instance=ExtResource("3_kcgn8")]
transform = Transform3D(-0.84651846, 0, 0.5323593, 0, 1, 0, -0.5323593, 0, -0.84651846, 0.43615603, 0.34157434, -2.1067543)

[node name="CoinPrefab208" parent="Coins" unique_id=1214843582 instance=ExtResource("3_kcgn8")]
transform = Transform3D(-0.84651846, 0, 0.5323593, 0, 1, 0, -0.5323593, 0, -0.84651846, 0.14524704, 0.34157434, -1.950515)

[node name="CoinPrefab209" parent="Coins" unique_id=2090105234 instance=ExtResource("3_kcgn8")]
transform = Transform3D(-0.84651846, 0, 0.5323593, 0, 1, 0, -0.5323593, 0, -0.84651846, -0.18401673, 0.0033333749, -2.0902061)

[node name="CoinPrefab210" parent="Coins" unique_id=581972488 instance=ExtResource("3_kcgn8")]
transform = Transform3D(-0.84651846, 0, 0.5323593, 0, 1, 0, -0.5323593, 0, -0.84651846, -0.17636797, 0.0033333749, -1.6652026)

[node name="CoinPrefab211" parent="Coins" unique_id=1577549356 instance=ExtResource("3_kcgn8")]
transform = Transform3D(-0.84651846, 0, 0.5323593, 0, 1, 0, -0.5323593, 0, -0.84651846, 0.12457037, 0.0033333749, -1.3827525)

[node name="CoinPrefab212" parent="Coins" unique_id=661162809 instance=ExtResource("3_kcgn8")]
transform = Transform3D(-0.84651846, 0, 0.5323593, 0, 1, 0, -0.5323593, 0, -0.84651846, 0.81510615, 0.003333494, -2.5566025)

[node name="CoinPrefab213" parent="Coins" unique_id=800383996 instance=ExtResource("3_kcgn8")]
transform = Transform3D(-0.84651846, 0, 0.5323593, 0, 1, 0, -0.5323593, 0, -0.84651846, 1.1784124, 0.003333494, -2.702176)

[node name="CoinPrefab214" parent="Coins" unique_id=1665204126 instance=ExtResource("3_kcgn8")]
transform = Transform3D(-0.84651846, 0, 0.5323593, 0, 1, 0, -0.5323593, 0, -0.84651846, 1.4633312, 0.003333494, -2.912446)

[node name="CoinPrefab215" parent="Coins" unique_id=613667134 instance=ExtResource("3_kcgn8")]
transform = Transform3D(-0.84651846, 0, 0.5323593, 0, 1, 0, -0.5323593, 0, -0.84651846, 0.8494754, 0.0033333749, -1.3069613)

[node name="CoinPrefab216" parent="Coins" unique_id=1581482944 instance=ExtResource("3_kcgn8")]
transform = Transform3D(-0.84651846, 0, 0.5323593, 0, 1, 0, -0.5323593, 0, -0.84651846, 0.47215134, 0.0033333749, -1.416062)

[node name="CoinPrefab217" parent="Coins" unique_id=2065345608 instance=ExtResource("3_kcgn8")]
transform = Transform3D(-0.84651846, 0, 0.5323593, 0, 1, 0, -0.5323593, 0, -0.84651846, 0.063507915, 0.0033333749, -1.4078683)

[node name="CoinPrefab218" parent="Coins" unique_id=1371554478 instance=ExtResource("3_kcgn8")]
transform = Transform3D(-0.84651846, 0, 0.5323593, 0, 1, 0, -0.5323593, 0, -0.84651846, 0.06224051, 0.17492202, -1.2007694)

[node name="CoinPrefab219" parent="Coins" unique_id=1799438911 instance=ExtResource("3_kcgn8")]
transform = Transform3D(-0.84651846, 0, 0.5323593, 0, 1, 0, -0.5323593, 0, -0.84651846, 0.41689146, 0.17492202, -1.2873167)

[node name="CoinPrefab220" parent="Coins" unique_id=333407734 instance=ExtResource("3_kcgn8")]
transform = Transform3D(-0.84651846, 0, 0.5323593, 0, 1, 0, -0.5323593, 0, -0.84651846, 0.06511301, 0.17492178, -0.6188923)

[node name="CoinPrefab221" parent="Coins" unique_id=227265444 instance=ExtResource("3_kcgn8")]
transform = Transform3D(-0.84651846, 0, 0.5323593, 0, 1, 0, -0.5323593, 0, -0.84651846, -0.013972938, 0.17492178, -0.867445)

[node name="CoinPrefab222" parent="Coins" unique_id=1619150549 instance=ExtResource("3_kcgn8")]
transform = Transform3D(-0.84651846, 0, 0.5323593, 0, 1, 0, -0.5323593, 0, -0.84651846, 0.46699566, 0.34157434, -1.1176665)

[node name="CoinPrefab223" parent="Coins" unique_id=715235571 instance=ExtResource("3_kcgn8")]
transform = Transform3D(-0.84651846, 0, 0.5323593, 0, 1, 0, -0.5323593, 0, -0.84651846, 0.17608654, 0.34157434, -0.9614265)

[node name="CoinPrefab224" parent="Coins" unique_id=1791459986 instance=ExtResource("3_kcgn8")]
transform = Transform3D(-0.84651846, 0, 0.5323593, 0, 1, 0, -0.5323593, 0, -0.84651846, -0.15317717, 0.0033333749, -1.101118)

[node name="CoinPrefab225" parent="Coins" unique_id=759775063 instance=ExtResource("3_kcgn8")]
